100 58 53 61 50 62 48 60 47 59 43 57 40 55 38 51 36 46 24 43 24
99 57 48 59 45 60 45 58 44 57 41 55 38 53 37 50 34 43 23 41 23
98 55 44 57 44 58 43 57 42 55 39 53 37 51 35 48 33 40 22 39 22
97 54 42 56 42 57 42 55 40 54 38 52 36 50 34 47 32 38 21 37 21
96 53 40 55 40 55 40 54 39 53 37 51 35 49 33 46 31 37 20 35 20
95 52 38 53 39 54 39 53 38 51 35 49 33 48 32 45 30 35 19 34 19
94 51 36 52 38 53 37 52 36 50 34 48 32 46 31 44 29 34 18 33 18
93 49 35 51 36 52 36 51 35 49 33 47 31 45 30 43 28 33 --- 31 ---
92 48 34 50 35 51 35 49 34 48 32 46 30 44 29 42 27 31 17 30 17
91 47 33 49 34 49 34 48 33 47 31 45 --- 43 28 41 --- 30 16 29 16
90 46 32 48 33 48 33 47 32 46 30 44 29 42 --- 40 26 29 15 26 15
89 45 31 46 32 47 32 46 31 45 29 43 28 41 27 39 25 26 14 24 14
88 44 30 45 31 46 31 45 30 44 28 42 27 40 26 38 24 25 --- --- ---
87 43 29 44 30 45 30 44 29 42 27 41 26 39 25 37 --- 24 --- 23 ---
86 42 28 43 29 44 29 43 28 41 --- 40 25 38 24 36 23 23 --- --- 13
85 41 27 42 28 43 28 42 27 40 26 39 --- 37 --- 35 22 --- --- 22 ---
84 40 26 41 27 42 27 41 26 39 25 38 24 36 23 34 --- 22 13 21 ---
83 --- 25 40 26 41 26 40 25 38 24 37 23 35 22 33 21 21 --- 20 ---
82 39 --- 39 25 39 25 39 24 37 23 36 22 34 --- 32 20 20 --- 19 ---
81 38 24 38 24 38 24 37 --- 36 --- 35 --- 33 21 31 --- 19 --- 18 ---
80 37 23 37 23 37 23 36 23 35 22 34 21 32 20 30 19 18 --- 17 ---
79 36 22 36 --- 36 --- 35 22 34 21 33 20 31 --- 29 --- --- --- 16 12
78 35 21 35 22 35 22 34 21 33 --- 32 --- 30 19 28 18 17 --- --- ---
77 34 --- 34 21 34 21 33 --- 32 20 31 19 29 --- 27 --- --- 12 15 ---
76 33 20 32 20 33 20 32 20 31 19 30 --- 28 18 26 17 16 --- 14 ---
75 32 --- 31 --- 32 --- 31 19 30 --- 29 18 27 17 --- --- 15 --- --- ---
74 31 --- 30 19 31 19 30 --- 29 18 28 17 26 --- 25 16 --- --- 13 ---
73 30 19 29 18 30 18 29 18 28 17 26 --- 25 16 24 --- 14 --- --- ---
72 29 --- 28 --- 29 --- 28 17 27 --- 25 16 24 --- 23 15 --- --- --- ---
71 --- --- 27 17 28 17 27 --- 25 16 24 --- 23 15 22 --- 13 --- 12 ---
70 28 18 26 16 26 16 26 16 24 --- 23 15 22 --- 21 14 --- --- --- ---
69 26 --- 25 --- 25 --- 25 --- 23 15 22 --- 21 14 20 --- --- --- --- 11
68 25 15 24 15 24 15 24 15 22 --- 21 14 20 --- 19 13 12 --- 11 ---
67 24 --- 23 --- 23 --- 22 14 21 14 20 --- 19 --- 18 --- --- 11 --- ---
66 23 14 22 14 22 14 21 --- 20 --- 19 13 18 13 17 --- --- --- --- ---
65 22 --- 21 13 21 --- 20 13 19 13 18 --- 17 --- 16 12 11 --- --- ---
64 21 13 19 --- 20 13 19 --- 18 --- 17 12 16 12 15 --- --- --- --- ---
63 19 --- 18 12 18 --- 18 12 17 12 16 --- 15 --- 14 11 --- --- --- ---
62 18 12 17 --- 17 12 16 --- 15 --- 15 11 14 11 13 --- --- --- --- ---
61 17 --- 15 --- 15 --- 15 --- 14 11 13 --- 12 --- 11 --- --- --- --- ---
60 15 11 14 11 14 11 13 11 12 10 11 10 11 10 10 10 10 10 10 10
50 9 9 9 9 9 9 9 9 9 9 9 9 9 9 9 9 9 9 9 9
40 8 8 8 8 8 8 8 8 8 8 8 8 8 8 8 8 8 8 8 8
30 7 7 7 7 7 7 7 7 7 7 7 7 7 7 7 7 7 7 7 7
20 6 6 6 6 6 6 6 6 6 6 6 6 6 6 6 6 6 6 6 6
10 5 5 5 5 5 5 5 5 5 5 5 5 5 5 5 5 5 5 5 5
0 4 4 4 4 4 4 4 4 4 4 4 4 4 4 4 4 4 4 4 4
